0.         0.06362812 0.0227135  0.14289828 0.48281727
0.30111529 0.22047939 0.03301041 0.00864313 1.        
0.10873613 0.12459307 0.08994551 0.22846443 0.56103852
0.09820317 0.02574712 0.09842518 0.11869786 0.24575284
0.09107815 0.04883084 0.11901877 0.1394412  0.27828459
0.10192073 0.03492159 0.13385819 0.1083262  0.12500894
0.03252774 0.         0.05784383 0.09478539 0.24268304
0.0957248  0.02900254 0.0987281  0.06856828 0.47681558
0.07063194 0.01272567 0.08722    0.11293592 0.44814535
0.1353778  0.05208626 0.13628102 0.11581689 0.21378296
0.17255266 0.15004441 0.20987279 0.23163357 0.34202004
0.2568154  0.16099426 0.20199871 0.18611349 0.25114671
0.26517961 0.16395367 0.27165355 0.26159614 0.12036592
0.26146229 0.19443625 0.2889158  0.27254392 0.15827621
0.29275085 0.2030187  0.29255004 0.25468177 0.04938246
0.28593544 0.18910922 0.2562083  0.25641031 0.15740788
